<<<<<<< HEAD
100 wynik PD 126236 233408 195918 266054
200 wynik PD 241042 431474 388422 522352
300 wynik PD 326079 638264 614321 779255
400 wynik PD 415207 847886 805798 1017434
500 wynik PD 557681 1085926 1019279 1296032
600 wynik PD 720377 1334780 1285729 1588719
700 wynik PD 877717 1596951 1521859 1873483
800 wynik PD 907438 1861123 1744169 2167995
900 wynik PD 997028 2032074 1923941 2394053
1000 wynik PD 1181221 2230983 2101840 2650301
=======
10 18356 11712 23963 18232 30319
20 43936 38556 57734 43069 56849
30 54444 47584 80298 60355 85840
>>>>>>> 0026
